# Probe 0 (-0.1 -0.0025 0.0005)
# Probe 1 (0.1 -0.0025 0.0005)
# Probe 2 (0 -0.0025 0.0005)
# Probe 3 (0 0.025 0.0005)
# Probe 4 (0 0.09 0.0005)
#       Probe             0             1             2             3             4
#        Time
            1             (33.626 -0.000351254 0)             (33.6995 -0.000466394 0)             (33.6504 -0.00213169 2.01665e-42)             (0.0364251 -0.0723641 3.09442e-27)             (0.076679 0.0433486 3.35673e-27)
         1.05             (33.5738 -0.000330301 0)             (33.6449 -0.000438816 0)             (33.598 -0.00183762 1.82063e-42)             (0.0168126 -0.0812153 1.92482e-26)             (0.0841834 -0.0185614 -2.50244e-26)
          1.1             (33.5161 -0.000310255 0)             (33.5845 -0.000409611 0)             (33.5401 -0.0015309 1.58848e-42)             (0.016434 -0.114288 8.43367e-27)             (0.0150825 -0.023293 -2.8913e-26)
         1.15             (33.4524 -0.000291075 0)             (33.5192 -0.000388176 0)             (33.4761 -0.0013219 1.42953e-42)             (0.0120132 -0.12366 1.19745e-26)             (-0.0861667 -0.0105194 -9.29177e-27)
          1.2             (33.385 -0.000272724 0)             (33.4497 -0.000363842 0)             (33.4084 -0.00104185 1.20689e-42)             (0.000277977 -0.152927 -6.38217e-26)             (-0.0723849 -0.0145166 3.64197e-26)
         1.25             (33.3139 -0.000255167 0)             (33.3771 -0.000335467 0)             (33.3371 -0.000876734 1.0874e-42)             (-0.0825611 -0.148946 -1.03976e-25)             (0.0292425 -0.0149614 3.71179e-26)
          1.3             (33.2397 -0.000238369 0)             (33.3023 -0.000320466 0)             (33.2629 -0.000781305 1.01814e-42)             (-0.10415 -0.113566 -7.89152e-27)             (0.0894082 -0.000772535 2.61124e-27)
         1.35             (33.165 -0.000222298 0)             (33.2262 -0.000299 0)             (33.188 -0.000602453 8.98136e-43)             (-0.0787455 -0.095259 2.34385e-26)             (0.0396103 -0.011442 -3.30025e-26)
          1.4             (33.0898 -0.00020692 0)             (33.1501 -0.000278322 0)             (33.1127 -0.000488059 8.19083e-43)             (-0.0458629 -0.0856714 2.81597e-26)             (-0.0385458 0.00666585 -2.37506e-26)
         1.45             (33.0151 -0.000192207 0)             (33.0748 -0.000263116 0)             (33.038 -0.000396901 7.66062e-43)             (-0.0278402 -0.0652712 1.13084e-26)             (-0.0635766 -0.0158455 -1.48396e-28)
          1.5             (32.943 -0.000178132 0)             (33.0015 -0.000243924 0)             (32.9658 -0.000255209 6.67276e-43)             (-0.0205575 -0.0403965 -8.92618e-27)             (-0.0104865 -0.0181285 2.93279e-26)
         1.55             (32.873 -0.000164664 0)             (32.9313 -0.000231243 0)             (32.8957 -0.000236961 6.49703e-43)             (-0.00812755 -0.0175158 5.42147e-27)             (0.0524844 -0.00718926 1.3957e-26)
          1.6             (32.8068 -0.000151779 0)             (32.8648 -0.000216663 0)             (32.8294 -0.000215488 6.41361e-43)             (-0.0110944 -0.0108625 9.40159e-27)             (0.0461048 -0.00410522 -1.81685e-26)
         1.65             (32.7461 -0.00013945 0)             (32.8033 -0.000199901 0)             (32.7687 -0.000109911 5.73327e-43)             (0.00259488 -0.0200252 1.16656e-26)             (-0.0236764 0.00923766 -2.8475e-26)
          1.7             (32.6907 -0.000127655 0)             (32.7476 -0.000190705 0)             (32.7132 -5.87833e-05 5.41726e-43)             (0.0117373 -0.0405253 1.47433e-26)             (-0.0761897 0.0111314 -6.98812e-27)
         1.75             (32.642 -0.000116371 0)             (32.6984 -0.000181746 0)             (32.6645 1.29834e-05 4.87455e-43)             (0.0149404 -0.0466749 5.89262e-27)             (-0.0411426 -0.0189072 2.89627e-26)
          1.8             (32.6007 -0.000105575 0)             (32.6565 -0.000174873 0)             (32.623 7.87461e-05 4.4071e-43)             (0.019383 -0.0483806 8.28366e-28)             (0.0276119 -0.0172115 2.46518e-26)
         1.85             (32.5669 -9.52454e-05 0)             (32.6224 -0.000168802 0)             (32.5892 0.00011497 4.20356e-43)             (0.0163304 -0.0492926 -2.07805e-27)             (0.0800484 -0.00519021 4.30726e-27)
          1.9             (32.5417 -8.53633e-05 0)             (32.5967 -0.000163871 0)             (32.564 0.000184494 3.70716e-43)             (0.0120919 -0.0582268 -3.69818e-27)             (0.0529938 -0.0110965 -2.73639e-26)
         1.95             (32.5251 -7.59087e-05 0)             (32.5798 -0.000165068 0)             (32.5473 0.000215381 3.50964e-43)             (0.0118843 -0.0653815 8.95023e-28)             (-0.00954819 0.00132853 -1.69627e-26)
            2             (32.5171 -6.68642e-05 0)             (32.5717 -0.000158886 0)             (32.5392 0.000222694 3.51842e-43)             (0.0104211 -0.0659167 -1.06907e-27)             (-0.0337547 -0.0136018 3.26273e-27)
         2.05             (32.5188 -5.82109e-05 0)             (32.5728 -0.000163454 0)             (32.5408 0.000303066 2.84164e-43)             (0.0119574 -0.0599836 -2.60333e-27)             (0.00172568 -0.0191092 2.06053e-26)
          2.1             (32.5292 -4.99329e-05 0)             (32.583 -0.000164948 0)             (32.5512 0.000339323 2.60397e-43)             (0.00439659 -0.0596446 -2.64762e-27)             (0.0527524 -0.0100517 1.45917e-26)
         2.15             (32.5483 -4.20138e-05 0)             (32.6022 -0.000157744 0)             (32.5703 0.000337742 2.75317e-43)             (-0.00540923 -0.0874642 6.07933e-27)             (0.0742462 -0.022785 -8.07983e-27)
          2.2             (32.5763 -3.44378e-05 0)             (32.6299 -0.000157971 0)             (32.5983 0.000370661 2.54792e-43)             (5.91745e-05 -0.108585 7.5625e-27)             (0.0336241 -0.0228086 -2.57255e-26)
         2.25             (32.6119 -2.71892e-05 0)             (32.666 -0.000147986 0)             (32.6339 0.000323856 3.14332e-43)             (0.0134028 -0.0906116 4.55955e-27)             (-0.0183702 -0.0162929 -1.4132e-26)
          2.3             (32.6557 -2.02541e-05 0)             (32.7097 -0.000138254 0)             (32.6777 0.000328468 3.1564e-43)             (0.0123953 -0.071064 -5.72394e-28)             (-0.021819 -0.019764 1.02458e-26)
         2.35             (32.7069 -1.36192e-05 0)             (32.7606 -0.000140543 0)             (32.7288 0.000373572 2.78064e-43)             (0.00630438 -0.0647389 -3.30211e-27)             (0.0247352 -0.0187684 1.84826e-26)
          2.4             (32.7642 -7.27167e-06 0)             (32.8179 -0.00013954 0)             (32.7861 0.000390914 2.67895e-43)             (0.00263377 -0.0727245 -1.31052e-27)             (0.0669472 -0.0144601 9.59107e-27)
         2.45             (32.8268 -1.1989e-06 0)             (32.8807 -0.000132763 0)             (32.8488 0.000377824 2.83993e-43)             (0.00415445 -0.0758347 1.87898e-27)             (0.0677397 -0.0158987 -1.17254e-26)
          2.5             (32.8941 4.61143e-06 0)             (32.9482 -0.000125846 0)             (32.9161 0.000363231 2.95155e-43)             (0.00204975 -0.0751272 2.33822e-28)             (0.0197183 -0.00964519 -2.19856e-26)
         2.55             (32.9648 1.01706e-05 0)             (33.0194 -0.000103496 0)             (32.9869 0.000285395 3.80218e-43)             (-0.000593303 -0.0844475 9.49908e-28)             (-0.0201911 -0.0135542 -6.19344e-27)
          2.6             (33.0388 1.54892e-05 0)             (33.0933 -9.05919e-05 0)             (33.0609 0.00028961 3.72794e-43)             (0.0017257 -0.0861764 -3.34651e-27)             (-0.00734698 -0.0207668 1.22594e-26)
         2.65             (33.1146 2.0578e-05 0)             (33.1689 -9.83502e-05 0)             (33.1366 0.000305425 3.69791e-43)             (0.0026648 -0.0871069 -4.13461e-28)             (0.0331187 -0.0155848 1.30558e-26)
          2.7             (33.1907 2.54468e-05 0)             (33.2452 -9.24222e-05 0)             (33.2127 0.000281266 3.96891e-43)             (-0.000281824 -0.0868009 -2.32259e-27)             (0.0605922 -0.0104269 3.06511e-27)
         2.75             (33.2664 3.01053e-05 0)             (33.3211 -8.33125e-05 0)             (33.2884 0.000260402 4.15616e-43)             (-0.000320402 -0.0892854 3.43368e-27)             (0.048983 -0.0132753 -1.70569e-26)
          2.8             (33.3405 3.45629e-05 0)             (33.3956 -7.46784e-05 0)             (33.3626 0.000222711 4.47731e-43)             (0.00192314 -0.0953809 4.67128e-27)             (0.00165308 -0.0106678 -1.9535e-26)
         2.85             (33.412 3.88281e-05 0)             (33.4676 -5.96986e-05 0)             (33.4342 0.000163435 4.99897e-43)             (0.00583491 -0.0950995 2.0655e-27)             (-0.0289166 -0.0119617 -2.55698e-27)
          2.9             (33.4807 4.29092e-05 0)             (33.5361 -5.47028e-05 0)             (33.5028 0.000168958 4.95051e-43)             (0.00637247 -0.0902718 -1.26445e-27)             (-0.0128701 -0.0175342 1.25817e-26)
         2.95             (33.5449 4.68144e-05 0)             (33.6004 -5.10248e-05 0)             (33.5671 0.000165914 4.94907e-43)             (0.00348711 -0.0861565 -2.91651e-27)             (0.0226289 -0.0162591 1.1185e-26)
            3             (33.6038 5.05512e-05 0)             (33.6595 -4.11988e-05 0)             (33.626 0.000141453 5.10307e-43)             (0.00105097 -0.0817535 4.30371e-28)             (0.04153 -0.0224287 -7.58136e-28)
         3.05             (33.6568 5.41272e-05 0)             (33.7126 -3.3259e-05 0)             (33.679 0.000118437 5.23092e-43)             (0.0040052 -0.0777345 3.26824e-27)             (0.0286562 -0.0286994 -1.14783e-26)
          3.1             (33.7029 5.75492e-05 0)             (33.7591 -2.43285e-05 0)             (33.7252 7.41948e-05 5.51657e-43)             (0.00575883 -0.074648 -3.69848e-28)             (-0.00782175 -0.0234422 -1.40597e-26)
         3.15             (33.7418 6.08239e-05 0)             (33.7982 -1.80209e-05 0)             (33.7641 4.26371e-05 5.70589e-43)             (0.00562243 -0.0782464 -6.55258e-28)             (-0.0272647 -0.0226032 2.24576e-27)
          3.2             (33.7733 6.39577e-05 0)             (33.8296 -1.43747e-05 0)             (33.7956 4.99931e-05 5.57798e-43)             (0.00693847 -0.0803716 1.62881e-27)             (-0.00815174 -0.0232406 1.21925e-26)
         3.25             (33.7964 6.69568e-05 0)             (33.8529 -1.11047e-05 0)             (33.8188 3.85e-05 5.60716e-43)             (0.00547351 -0.078531 1.1763e-27)             (0.0228876 -0.0212113 8.99249e-27)
          3.3             (33.811 6.98271e-05 0)             (33.8676 -7.5745e-06 0)             (33.8334 2.34207e-05 5.67609e-43)             (0.00398608 -0.0777204 -5.94259e-28)             (0.0368684 -0.0240194 -3.52887e-27)
         3.35             (33.8169 7.2574e-05 0)             (33.8736 -4.08447e-06 0)             (33.8394 5.33401e-06 5.81273e-43)             (0.00494133 -0.073627 -1.21999e-27)             (0.0208907 -0.0245315 -1.1397e-26)
          3.4             (33.814 7.52028e-05 0)             (33.8709 -2.49772e-06 0)             (33.8364 -2.89958e-05 5.99347e-43)             (0.00618111 -0.0710681 9.45424e-28)             (-0.00937654 -0.0208685 -9.40522e-27)
         3.45             (33.8024 7.77189e-05 0)             (33.8595 -1.16978e-07 0)             (33.8249 -3.57135e-05 5.93595e-43)             (0.00635165 -0.073594 -6.25179e-28)             (-0.0185718 -0.0211178 2.77567e-27)
          3.5             (33.7826 8.01268e-05 0)             (33.8394 2.80019e-06 0)             (33.805 -2.38661e-05 5.75538e-43)             (0.00552573 -0.0756572 -9.17908e-28)             (0.000582273 -0.0215261 9.36488e-27)
         3.55             (33.7543 8.24313e-05 0)             (33.8111 4.83729e-06 0)             (33.7768 -2.77361e-05 5.69591e-43)             (0.00293499 -0.0769501 -7.53272e-28)             (0.0268067 -0.0197227 5.73288e-27)
          3.6             (33.718 8.4637e-05 0)             (33.7749 7.01878e-06 0)             (33.7405 -3.37867e-05 5.65671e-43)             (0.00263938 -0.0808673 2.36343e-27)             (0.0322228 -0.0217352 -4.61278e-27)
         3.65             (33.6742 8.67479e-05 0)             (33.7312 9.50175e-06 0)             (33.6967 -3.9761e-05 5.63435e-43)             (0.00617381 -0.0816758 2.97732e-27)             (0.0139994 -0.0204941 -1.04183e-26)
          3.7             (33.6236 8.87681e-05 0)             (33.6805 1.15856e-05 0)             (33.6461 -5.02948e-05 5.65053e-43)             (0.00648457 -0.077286 -2.80168e-27)             (-0.0107074 -0.0182197 -6.59651e-27)
         3.75             (33.5668 9.07014e-05 0)             (33.6237 1.38483e-05 0)             (33.5893 -3.42937e-05 5.4701e-43)             (0.00544675 -0.0754117 -1.61219e-27)             (-0.0123585 -0.0192513 3.76641e-27)
          3.8             (33.5047 9.25514e-05 0)             (33.5613 1.62105e-05 0)             (33.5272 -9.55838e-06 5.22909e-43)             (0.00462122 -0.074727 -1.91636e-27)             (0.00734158 -0.0184026 8.54406e-27)
         3.85             (33.4379 9.43218e-05 0)             (33.4943 1.81925e-05 0)             (33.4603 5.20422e-06 5.06782e-43)             (0.00413817 -0.0750344 -1.4591e-27)             (0.0282642 -0.0170027 3.26515e-27)
          3.9             (33.3672 9.60162e-05 0)             (33.4236 2.00766e-05 0)             (33.3897 1.9602e-05 4.90124e-43)             (0.00629597 -0.074345 -5.90145e-28)             (0.0275431 -0.0184254 -5.83024e-27)
         3.95             (33.2938 9.76376e-05 0)             (33.35 2.19342e-05 0)             (33.3162 3.02956e-05 4.78213e-43)             (0.00733258 -0.0704154 -2.39561e-27)             (0.00903588 -0.0170589 -8.99893e-27)
            4             (33.2185 9.9189e-05 0)             (33.2746 2.36531e-05 0)             (33.241 4.37223e-05 4.65428e-43)             (0.00844554 -0.0668893 -7.72977e-28)             (-0.0104033 -0.0152256 -2.3337e-27)
         4.05             (33.1426 0.000100673 0)             (33.1984 2.57679e-05 0)             (33.165 8.15513e-05 4.34161e-43)             (0.00934032 -0.0621031 -9.84922e-29)             (-0.00652116 -0.0164259 5.00279e-27)
          4.1             (33.067 0.000102094 0)             (33.1224 2.44144e-05 0)             (33.0894 0.000119583 4.03625e-43)             (0.00889161 -0.0615006 6.3592e-28)             (0.0132115 -0.0151216 7.79494e-27)
         4.15             (32.9926 0.000103452 0)             (33.0478 2.19072e-05 0)             (33.0149 0.000151448 3.78103e-43)             (0.00946962 -0.0617473 1.35519e-27)             (0.0286104 -0.0145956 9.34865e-28)
          4.2             (32.9205 0.000104752 0)             (32.9754 1.83855e-05 0)             (32.9428 0.000177942 3.55337e-43)             (0.00946702 -0.0614939 1.95028e-27)             (0.0234795 -0.0154569 -6.20576e-27)
         4.25             (32.8516 0.000105996 0)             (32.9064 1.49627e-05 0)             (32.8739 0.000199402 3.38492e-43)             (0.00935025 -0.0615238 3.80292e-27)             (0.0060693 -0.014184 -7.67526e-27)
          4.3             (32.7871 0.000107185 0)             (32.8417 1.23181e-05 0)             (32.8094 0.000227769 3.17727e-43)             (0.00737637 -0.0603396 4.24074e-27)             (-0.00668612 -0.0132756 5.13095e-28)
         4.35             (32.7279 0.000108323 0)             (32.7822 6.3148e-06 0)             (32.7501 0.000270425 2.85268e-43)             (0.00127339 -0.057122 6.12854e-28)             (0.000863489 -0.0141299 5.64683e-27)
          4.4             (32.6748 0.000109411 0)             (32.7288 -6.54925e-07 0)             (32.6969 0.000307401 2.57169e-43)             (-0.00034924 -0.0619399 2.58748e-28)             (0.0196012 -0.0127642 5.778e-27)
         4.45             (32.6283 0.000110451 0)             (32.6822 -4.96662e-06 0)             (32.6505 0.000331043 2.42164e-43)             (0.000114138 -0.068923 2.55849e-27)             (0.0296955 -0.0127768 -8.36878e-28)
          4.5             (32.5894 0.000111446 0)             (32.6431 -8.09158e-06 0)             (32.6114 0.000350238 2.32941e-43)             (-0.000599249 -0.0733453 2.46025e-27)             (0.0219175 -0.0127744 -6.11138e-27)
         4.55             (32.5584 0.000112398 0)             (32.612 -1.00772e-05 0)             (32.5804 0.000362614 2.30957e-43)             (-0.00118161 -0.0753167 -2.47188e-28)             (0.00642628 -0.0115013 -6.43909e-27)
          4.6             (32.536 0.000113307 0)             (32.5895 -1.27762e-05 0)             (32.558 0.00038469 2.21136e-43)             (-0.00196957 -0.0787779 -1.40374e-27)             (-0.00147837 -0.011078 1.01067e-27)
         4.65             (32.5225 0.000114177 0)             (32.5757 -1.86983e-05 0)             (32.5445 0.000417452 2.00659e-43)             (-0.00116282 -0.0849739 -1.51181e-30)             (0.00714874 -0.0117526 4.60829e-27)
          4.7             (32.5179 0.000115008 0)             (32.5711 -2.32446e-05 0)             (32.5399 0.000438069 1.90902e-43)             (-0.000619059 -0.0905843 -3.49047e-28)             (0.0228964 -0.0109068 4.50135e-27)
         4.75             (32.5224 0.000115803 0)             (32.5755 -2.48992e-05 0)             (32.5443 0.000446002 1.93486e-43)             (-0.000784554 -0.0938234 -1.6731e-27)             (0.0314193 -0.0102351 -7.68504e-28)
          4.8             (32.5359 0.000116563 0)             (32.589 -2.50411e-05 0)             (32.5578 0.000446926 2.02148e-43)             (0.000649148 -0.0950747 2.02549e-27)             (0.0250402 -0.00837427 -4.49436e-27)
         4.85             (32.5582 0.000117289 0)             (32.6113 -2.47651e-05 0)             (32.5801 0.000447427 2.11047e-43)             (0.00192655 -0.0974469 1.81947e-27)             (0.0137655 -0.00702587 -5.55074e-27)
          4.9             (32.589 0.000117983 0)             (32.6422 -2.58476e-05 0)             (32.6109 0.000455457 2.10847e-43)             (0.000788697 -0.0993743 1.56251e-28)             (0.00576289 -0.00736325 7.13435e-28)
         4.95             (32.628 0.000118646 0)             (32.6811 -2.68059e-05 0)             (32.6499 0.000462468 2.11388e-43)             (0.000461931 -0.104719 8.4901e-28)             (0.0130895 -0.00761157 4.40633e-27)
            5             (32.6744 0.000119281 0)             (32.7276 -2.68678e-05 0)             (32.6963 0.000462866 2.16782e-43)             (0.00376339 -0.107035 1.81554e-27)             (0.0254234 -0.00564619 3.8566e-27)
         5.05             (32.7277 0.000119887 0)             (32.7809 -2.53238e-05 0)             (32.7495 0.000453289 2.30827e-43)             (0.00531915 -0.106397 1.72143e-27)             (0.0347834 -0.00210301 1.32008e-27)
          5.1             (32.7869 0.000120467 0)             (32.8403 -2.2596e-05 0)             (32.8088 0.000436753 2.51017e-43)             (0.00453588 -0.105999 2.36519e-27)             (0.0319629 0.00116414 -2.65872e-27)
         5.15             (32.8514 0.000121021 0)             (32.9049 -1.9836e-05 0)             (32.8733 0.000423518 2.67534e-43)             (0.0026794 -0.105979 -8.73275e-28)             (0.021769 0.00181411 -3.81478e-27)
          5.2             (32.9203 0.000121551 0)             (32.9739 -1.80673e-05 0)             (32.9422 0.000412771 2.80948e-43)             (0.00306976 -0.108745 -1.63931e-27)             (0.0165639 -0.00327412 -2.21145e-28)
         5.25             (32.9925 0.000122058 0)             (33.0462 -1.64448e-05 0)             (33.0144 0.000401836 2.93662e-43)             (0.00382824 -0.10959 -1.39149e-27)             (0.0200968 -0.00643414 3.29776e-27)
          5.3             (33.0671 0.000122543 0)             (33.1209 -1.3746e-05 0)             (33.089 0.000385341 3.10201e-43)             (0.00474119 -0.107947 -1.22161e-27)             (0.0287213 -0.00352629 2.70552e-27)
         5.35             (33.1429 0.000123007 0)             (33.1969 -9.87728e-06 0)             (33.1648 0.000361841 3.3219e-43)             (0.00549775 -0.105833 1.50919e-28)             (0.0351437 0.00509842 2.98351e-27)
          5.4             (33.2189 0.000123451 0)             (33.2731 -4.80019e-06 0)             (33.2409 0.000334147 3.57103e-43)             (0.00510254 -0.10327 -1.36542e-28)             (0.0283882 0.0146869 -3.19421e-27)
         5.45             (33.2942 0.000123876 0)             (33.3486 3.11761e-07 0)             (33.3162 0.000307273 3.80391e-43)             (0.0045203 -0.101077 2.00444e-28)             (0.0112874 0.0222189 -4.16741e-27)
          5.5             (33.3676 0.000124282 0)             (33.4223 5.66567e-06 0)             (33.3897 0.000280965 4.027e-43)             (0.0054081 -0.0985072 7.06096e-28)             (0.00422039 0.0237301 1.17426e-27)
         5.55             (33.4383 0.000124671 0)             (33.4931 9.99266e-06 0)             (33.4604 0.000259429 4.19025e-43)             (0.00540489 -0.0951589 9.62298e-28)             (0.00889479 0.0198322 4.57537e-27)
          5.6             (33.5053 0.000125044 0)             (33.5603 1.37564e-05 0)             (33.5274 0.00023759 4.35265e-43)             (0.0036539 -0.0932621 6.82668e-28)             (0.0180146 0.0188399 5.47744e-27)
         5.65             (33.5676 0.000125401 0)             (33.6227 1.73077e-05 0)             (33.5897 0.000213558 4.52488e-43)             (0.00301481 -0.0931982 9.96255e-28)             (0.0226298 0.0238413 2.66942e-27)
          5.7             (33.6243 0.000125743 0)             (33.6797 2.33216e-05 0)             (33.6465 0.000184096 4.74019e-43)             (0.00247978 -0.0937671 1.34545e-28)             (0.0157345 0.0294999 -2.52243e-27)
         5.75             (33.6749 0.000126071 0)             (33.7304 2.98879e-05 0)             (33.6971 0.000157689 4.92958e-43)             (0.00354687 -0.0922561 1.37658e-28)             (0.0017359 0.033241 -4.94487e-27)
          5.8             (33.7185 0.000126385 0)             (33.7743 3.58653e-05 0)             (33.7408 0.000133548 5.07433e-43)             (0.00425623 -0.0895008 5.56996e-28)             (-0.00561411 0.0338008 -5.69374e-28)
         5.85             (33.7548 0.000126686 0)             (33.8107 3.93987e-05 0)             (33.777 0.000115279 5.15898e-43)             (0.00433164 -0.0866155 6.11782e-28)             (-0.00109304 0.0298478 4.08541e-27)
          5.9             (33.7831 0.000126975 0)             (33.8391 4.15946e-05 0)             (33.8054 9.78504e-05 5.22516e-43)             (0.00361332 -0.0846108 1.02692e-27)             (0.0120406 0.0258136 5.10667e-27)
         5.95             (33.8031 0.000127251 0)             (33.8592 4.48353e-05 0)             (33.8254 7.91713e-05 5.29112e-43)             (0.00272376 -0.0841329 1.03187e-27)             (0.0206059 0.0259235 2.58486e-27)
            6             (33.8145 0.000127517 0)             (33.8708 4.68559e-05 0)             (33.8369 5.66279e-05 5.39314e-43)             (0.00201528 -0.084864 8.72056e-28)             (0.0168035 0.0267296 -1.74953e-27)
         6.05             (33.8172 0.000127771 0)             (33.8736 4.71853e-05 0)             (33.8396 3.88958e-05 5.45548e-43)             (0.00202355 -0.0853073 -1.03508e-28)             (0.00450048 0.0274682 -3.96399e-27)
          6.1             (33.8112 0.000128016 0)             (33.8677 4.75884e-05 0)             (33.8336 2.47167e-05 5.49234e-43)             (0.0031022 -0.0858704 9.32136e-28)             (-0.00373565 0.0268704 -6.08842e-29)
         6.15             (33.7966 0.00012825 0)             (33.8531 4.79506e-05 0)             (33.819 1.66568e-05 5.48017e-43)             (0.00404413 -0.0842195 2.49716e-28)             (-0.00196335 0.0241062 3.50308e-27)
          6.2             (33.7734 0.000128475 0)             (33.83 4.84579e-05 0)             (33.7959 1.05575e-05 5.45536e-43)             (0.00368274 -0.0824775 3.35181e-28)             (0.00794538 0.0222599 4.03839e-27)
         6.25             (33.7421 0.00012869 0)             (33.7988 4.90359e-05 0)             (33.7646 3.95973e-06 5.4386e-43)             (0.00342652 -0.0819395 1.73119e-27)             (0.0139013 0.0218477 1.35609e-27)
          6.3             (33.703 0.000128897 0)             (33.7597 4.95735e-05 0)             (33.7255 -2.75892e-06 5.42019e-43)             (0.00250469 -0.0811443 -7.39597e-28)             (0.00965175 0.0210026 -2.42362e-27)
         6.35             (33.6567 0.000129096 0)             (33.7134 5.01518e-05 0)             (33.6792 -4.06231e-06 5.35816e-43)             (0.00158904 -0.082358 1.95554e-28)             (-0.00162835 0.0203762 -4.19347e-27)
          6.4             (33.6038 0.000129286 0)             (33.6604 5.07549e-05 0)             (33.6263 8.09498e-07 5.25779e-43)             (0.00304468 -0.0830473 3.44652e-28)             (-0.0073642 0.0198069 -1.73295e-28)
         6.45             (33.5449 0.000129469 0)             (33.6014 5.13955e-05 0)             (33.5674 1.12703e-05 5.11275e-43)             (0.00359749 -0.081832 -4.47863e-28)             (-0.00364545 0.0186166 3.93864e-27)
          6.5             (33.4809 0.000129644 0)             (33.5373 5.2047e-05 0)             (33.5034 2.33047e-05 4.95645e-43)             (0.00426873 -0.0805811 6.64594e-28)             (0.00475365 0.0179134 2.63854e-27)
         6.55             (33.4126 0.000129812 0)             (33.4688 5.26356e-05 0)             (33.435 3.5419e-05 4.81119e-43)             (0.004627 -0.0786118 6.96266e-28)             (0.00818462 0.0178761 3.92729e-28)
          6.6             (33.3408 0.000129973 0)             (33.3969 5.31827e-05 0)             (33.3633 4.94306e-05 4.66001e-43)             (0.00334958 -0.0772846 2.33899e-28)             (0.00330626 0.0181205 -2.91568e-27)
         6.65             (33.2666 0.000130127 0)             (33.3225 5.37706e-05 0)             (33.289 6.82415e-05 4.48247e-43)             (0.00251218 -0.0777327 4.44691e-28)             (-0.00641028 0.0185591 -3.04278e-27)
          6.7             (33.191 0.000130274 0)             (33.2467 5.43574e-05 0)             (33.2134 9.35739e-05 4.27082e-43)             (0.00332773 -0.0775514 1.5424e-28)             (-0.00799654 0.0181253 1.03871e-27)
         6.75             (33.115 0.000130415 0)             (33.1705 5.15207e-05 0)             (33.1374 0.000124421 4.0129e-43)             (0.00352827 -0.0768396 -1.94974e-28)             (-0.00166963 0.017469 2.69273e-27)
          6.8             (33.0397 0.00013055 0)             (33.0949 4.8223e-05 0)             (33.062 0.000154113 3.77139e-43)             (0.00305357 -0.0770925 -9.94999e-29)             (0.00357829 0.0171983 1.31019e-27)
         6.85             (32.966 0.00013068 0)             (33.021 4.3699e-05 0)             (32.9883 0.000179926 3.5476e-43)             (0.00285448 -0.0785635 5.94897e-28)             (0.00409963 0.0174616 -1.25538e-27)
          6.9             (32.895 0.000130803 0)             (32.9497 3.85612e-05 0)             (32.9172 0.000207551 3.314e-43)             (0.00304957 -0.0805958 1.34651e-27)             (-0.00185299 0.0175057 -3.56177e-27)
         6.95             (32.8276 0.000130921 0)             (32.8822 3.41432e-05 0)             (32.8499 0.000235622 3.10252e-43)             (0.00258799 -0.0833274 5.79415e-28)             (-0.0100434 0.0180038 -1.42511e-27)
            7             (32.765 0.000131033 0)             (32.8193 2.89628e-05 0)             (32.7872 0.000266429 2.86939e-43)             (0.00284096 -0.0855561 -2.5256e-28)             (-0.00934845 0.0181201 1.48495e-27)
         7.05             (32.7078 0.00013114 0)             (32.7619 2.27054e-05 0)             (32.73 0.000297434 2.63906e-43)             (0.00314573 -0.0873874 -2.92304e-28)             (-0.00275336 0.0172118 1.86382e-27)
          7.1             (32.657 0.000131242 0)             (32.7109 1.71353e-05 0)             (32.6791 0.000324623 2.45424e-43)             (0.00281858 -0.0894909 5.0624e-28)             (0.00131042 0.017321 6.06819e-28)
         7.15             (32.6132 0.000131339 0)             (32.6669 1.24248e-05 0)             (32.6353 0.000347535 2.3174e-43)             (0.00381464 -0.091321 7.27729e-28)             (0.000753352 0.0180358 -1.42975e-27)
          7.2             (32.5771 0.000131431 0)             (32.6307 8.13822e-06 0)             (32.5992 0.000368212 2.20849e-43)             (0.00380759 -0.0916071 -2.44682e-28)             (-0.00594872 0.0184391 -3.88862e-27)
         7.25             (32.5493 0.000131519 0)             (32.6027 3.82722e-06 0)             (32.5713 0.000388678 2.10513e-43)             (0.00300633 -0.0930592 -1.49354e-28)             (-0.0122046 0.0187341 -8.11908e-28)
          7.3             (32.5301 0.000131602 0)             (32.5834 -8.23483e-07 0)             (32.5521 0.000411175 1.98897e-43)             (0.00304702 -0.0953524 -7.37679e-29)             (-0.010142 0.0193589 1.88902e-27)
         7.35             (32.5198 0.000131681 0)             (32.573 -5.47448e-06 0)             (32.5418 0.00043089 1.89555e-43)             (0.00312286 -0.0981299 2.49711e-29)             (-0.00503087 0.0188436 8.54954e-28)
          7.4             (32.5186 0.000131755 0)             (32.5717 -8.86622e-06 0)             (32.5405 0.000444684 1.85958e-43)             (0.00330649 -0.100617 3.055e-28)             (-0.00282894 0.0194051 -3.55563e-28)
         7.45             (32.5264 0.000131826 0)             (32.5794 -1.12223e-05 0)             (32.5483 0.000453605 1.87029e-43)             (0.0036793 -0.102145 -3.04296e-30)             (-0.00465997 0.0203738 -2.0104e-27)
          7.5             (32.5431 0.000131894 0)             (32.5962 -1.27642e-05 0)             (32.565 0.000459169 1.90647e-43)             (0.00333748 -0.103291 4.91654e-28)             (-0.0109207 0.0213523 -3.31662e-27)
         7.55             (32.5686 0.000131957 0)             (32.6217 -1.38437e-05 0)             (32.5905 0.000462965 1.95835e-43)             (0.00357189 -0.104452 -3.1469e-29)             (-0.0154971 0.0231342 -4.85989e-28)
          7.6             (32.6025 0.000132017 0)             (32.6555 -1.4869e-05 0)             (32.6243 0.00046537 2.01682e-43)             (0.00343535 -0.10603 2.0069e-28)             (-0.0129056 0.0248704 4.05033e-29)
         7.65             (32.6442 0.000132074 0)             (32.6973 -1.52744e-05 0)             (32.6661 0.000465098 2.09364e-43)             (0.00328235 -0.107805 3.18602e-28)             (-0.00877856 0.0261014 -5.19468e-28)
          7.7             (32.6932 0.000132128 0)             (32.7463 -1.50237e-05 0)             (32.7151 0.00046077 2.20097e-43)             (0.00276778 -0.109215 -2.77521e-28)             (-0.00863785 0.0289163 -1.21875e-27)
         7.75             (32.7487 0.00013218 0)             (32.802 -1.36856e-05 0)             (32.7706 0.000450965 2.35141e-43)             (0.00319583 -0.11134 6.2688e-28)             (-0.0136695 0.0309106 -4.42593e-27)
          7.8             (32.81 0.000132228 0)             (32.8634 -1.18254e-05 0)             (32.8319 0.000439667 2.5059e-43)             (0.00332098 -0.11148 -1.4981e-29)             (-0.0236341 0.0317478 -5.26102e-27)
         7.85             (32.8762 0.000132274 0)             (32.9297 -9.76411e-06 0)             (32.8981 0.000427224 2.65946e-43)             (0.00413454 -0.110986 3.45824e-28)             (-0.026374 0.0336678 -3.43588e-27)
          7.9             (32.9464 0.000132318 0)             (33 -7.47726e-06 0)             (32.9683 0.000412028 2.82896e-43)             (0.00358533 -0.110151 1.04348e-27)             (-0.0228261 0.0392874 -3.35275e-27)
         7.95             (33.0196 0.00013236 0)             (33.0734 -4.85896e-06 0)             (33.0415 0.000394291 3.01349e-43)             (0.00276189 -0.109558 4.52786e-28)             (-0.0206284 0.0480081 -3.63603e-27)
            8             (33.0947 0.0001324 0)             (33.1486 -1.79969e-06 0)             (33.1166 0.000374102 3.21035e-43)             (0.00241412 -0.110565 7.71157e-28)             (-0.0233054 0.0539791 -5.93117e-27)
         8.05             (33.1707 0.000132438 0)             (33.2248 1.73159e-06 0)             (33.1927 0.000351151 3.4265e-43)             (0.0024773 -0.111139 -8.17405e-29)             (-0.0275847 0.0532169 -8.39537e-27)
          8.1             (33.2466 0.000132475 0)             (33.3009 5.70655e-06 0)             (33.2686 0.000326394 3.6499e-43)             (0.00324487 -0.110584 -1.11668e-28)             (-0.0313251 0.0502619 -9.99812e-27)
         8.15             (33.3214 0.000132509 0)             (33.3759 9.87379e-06 0)             (33.3434 0.000301436 3.86397e-43)             (0.00432324 -0.108115 -5.65575e-29)             (-0.028314 0.0515463 -7.28944e-27)
          8.2             (33.3939 0.000132543 0)             (33.4486 1.43496e-05 0)             (33.416 0.000277045 4.06196e-43)             (0.00491948 -0.104751 3.69161e-28)             (-0.0217271 0.0587992 -6.62985e-27)
         8.25             (33.4633 0.000132576 0)             (33.5182 1.8321e-05 0)             (33.4854 0.000253418 4.2416e-43)             (0.00440081 -0.101709 9.50949e-28)             (-0.0210794 0.0686072 -5.50386e-27)
          8.3             (33.5287 0.000132607 0)             (33.5837 2.16944e-05 0)             (33.5508 0.000229119 4.41994e-43)             (0.00303746 -0.100605 5.87155e-28)             (-0.0217416 0.0728969 -6.84354e-27)
         8.35             (33.589 0.000132637 0)             (33.6443 2.62873e-05 0)             (33.6112 0.000202014 4.61236e-43)             (0.00293071 -0.100708 4.21931e-28)             (-0.0221672 0.0677272 -9.46055e-27)
          8.4             (33.6436 0.000132667 0)             (33.699 3.22811e-05 0)             (33.6658 0.000176917 4.79634e-43)             (0.00321751 -0.0996988 -2.08563e-28)             (-0.0250497 0.0601484 -1.03579e-26)
         8.45             (33.6917 0.000132696 0)             (33.7473 3.80162e-05 0)             (33.7139 0.000153402 4.94412e-43)             (0.00400128 -0.0972535 -5.31771e-28)             (-0.0235257 0.0576542 -7.85114e-27)
          8.5             (33.7327 0.000132724 0)             (33.7885 4.3459e-05 0)             (33.755 0.000131434 5.06592e-43)             (0.00455395 -0.0939828 5.46058e-30)             (-0.018188 0.060545 -5.12401e-27)
         8.55             (33.7661 0.000132751 0)             (33.822 4.62458e-05 0)             (33.7884 0.00011169 5.15443e-43)             (0.0046035 -0.0904403 2.31504e-30)             (-0.0150145 0.066476 -3.29818e-27)
          8.6             (33.7914 0.000132778 0)             (33.8475 4.87638e-05 0)             (33.8137 9.26623e-05 5.22658e-43)             (0.00346081 -0.0888016 6.0232e-28)             (-0.0158474 0.0698338 -3.41586e-27)
         8.65             (33.8083 0.000132804 0)             (33.8645 5.20161e-05 0)             (33.8306 7.19214e-05 5.3157e-43)             (0.00296096 -0.0886739 6.02529e-28)             (-0.0214544 0.0661298 -6.36967e-27)
          8.7             (33.8165 0.00013283 0)             (33.8729 5.20975e-05 0)             (33.8389 5.23289e-05 5.39488e-43)             (0.00275825 -0.0884854 -1.27835e-28)             (-0.0283062 0.0596796 -8.04734e-27)
         8.75             (33.8161 0.000132855 0)             (33.8725 5.20841e-05 0)             (33.8384 3.72398e-05 5.43706e-43)             (0.00313749 -0.0885517 3.12526e-28)             (-0.0284018 0.0556936 -5.71184e-27)
          8.8             (33.8069 0.00013288 0)             (33.8634 5.21159e-05 0)             (33.8293 2.59566e-05 5.45051e-43)             (0.0041092 -0.0873971 3.38776e-28)             (-0.0216201 0.0549629 -3.94353e-27)
         8.85             (33.7891 0.000132904 0)             (33.8456 5.21647e-05 0)             (33.8115 1.65915e-05 5.4511e-43)             (0.00416359 -0.0852013 4.11958e-28)             (-0.0171879 0.056937 -2.89935e-27)
          8.9             (33.7629 0.000132928 0)             (33.8195 5.2473e-05 0)             (33.7853 8.67967e-06 5.4424e-43)             (0.00333273 -0.0835553 8.29572e-28)             (-0.0176726 0.057658 -3.43775e-27)
         8.95             (33.7287 0.000132952 0)             (33.7853 5.28435e-05 0)             (33.7512 2.93058e-06 5.41973e-43)             (0.00219005 -0.0829835 4.0278e-28)             (-0.021789 0.0531547 -6.13663e-27)
            9             (33.6869 0.000132975 0)             (33.7435 5.32251e-05 0)             (33.7094 -5.89791e-07 5.37759e-43)             (0.00185946 -0.0835103 1.93286e-28)             (-0.0269752 0.0487778 -7.02997e-27)
         9.05             (33.6381 0.000132997 0)             (33.6947 5.36223e-05 0)             (33.6606 1.38637e-07 5.30504e-43)             (0.00235959 -0.0839542 1.35659e-28)             (-0.024828 0.0466915 -4.59852e-27)
          9.1             (33.5829 0.000133019 0)             (33.6394 5.40626e-05 0)             (33.6054 6.64587e-06 5.19073e-43)             (0.00298974 -0.0835455 -3.72043e-29)             (-0.0170915 0.0461655 -3.50857e-27)
         9.15             (33.5221 0.000133041 0)             (33.5785 5.45601e-05 0)             (33.5445 1.68015e-05 5.04531e-43)             (0.00330306 -0.0825515 1.54999e-28)             (-0.0105578 0.048597 -2.22584e-27)
          9.2             (33.4563 0.000133062 0)             (33.5126 5.50497e-05 0)             (33.4788 2.79029e-05 4.90188e-43)             (0.00324852 -0.0814571 4.15319e-28)             (-0.0093911 0.0489273 -3.55487e-27)
         9.25             (33.3866 0.000133082 0)             (33.4428 5.55286e-05 0)             (33.4091 4.07488e-05 4.75274e-43)             (0.00275752 -0.0807575 4.16704e-28)             (-0.0138636 0.0447967 -5.81092e-27)
          9.3             (33.3139 0.000133101 0)             (33.3699 5.60394e-05 0)             (33.3363 5.8042e-05 4.58052e-43)             (0.0023225 -0.0808313 2.9214e-28)             (-0.0188742 0.0411764 -5.13702e-27)
         9.35             (33.239 0.00013312 0)             (33.2949 5.65757e-05 0)             (33.2615 7.95438e-05 4.38772e-43)             (0.00250905 -0.0813053 4.4821e-28)             (-0.0182783 0.0395755 -3.36396e-27)
          9.4             (33.1632 0.000133139 0)             (33.2188 5.61296e-05 0)             (33.1856 0.000105683 4.17287e-43)             (0.00278214 -0.0810845 1.01005e-29)             (-0.01341 0.0386108 -1.7938e-27)
         9.45             (33.0873 0.000133156 0)             (33.1427 5.28355e-05 0)             (33.1097 0.000135098 3.92561e-43)             (0.00264286 -0.0809049 1.12329e-28)             (-0.00652365 0.0385556 -1.84508e-28)
          9.5             (33.0124 0.000133173 0)             (33.0676 4.96487e-05 0)             (33.0348 0.000164096 3.67861e-43)             (0.00228238 -0.0816499 6.7174e-28)             (-0.0034909 0.0384809 -1.73195e-27)
         9.55             (32.9396 0.000133188 0)             (32.9945 4.39376e-05 0)             (32.9619 0.000191301 3.44609e-43)             (0.0021844 -0.0832276 1.21755e-27)             (-0.00814856 0.0378832 -3.86995e-27)
          9.6             (32.8698 0.000133203 0)             (32.9245 3.91201e-05 0)             (32.8921 0.000219695 3.21661e-43)             (0.00241256 -0.0850964 8.92048e-28)             (-0.0143347 0.0367878 -2.75495e-27)
         9.65             (32.8041 0.000133217 0)             (32.8585 3.42554e-05 0)             (32.8263 0.000249075 2.99696e-43)             (0.00254226 -0.0870129 -4.25839e-29)             (-0.0162428 0.0352133 -1.65485e-27)
          9.7             (32.7433 0.00013323 0)             (32.7976 2.86189e-05 0)             (32.7655 0.000279385 2.76842e-43)             (0.00221643 -0.0886935 -8.65761e-28)             (-0.0134899 0.0342336 9.38518e-29)
         9.75             (32.6884 0.000133242 0)             (32.7424 2.26941e-05 0)             (32.7106 0.000307627 2.56842e-43)             (0.00163993 -0.0908221 -3.53489e-28)             (-0.00756678 0.0330098 -1.35292e-28)
          9.8             (32.6401 0.000133253 0)             (32.6939 1.75248e-05 0)             (32.6622 0.000333357 2.40008e-43)             (0.00211508 -0.0935576 1.51502e-27)             (-0.0061298 0.0308799 -2.07839e-27)
         9.85             (32.5991 0.000133263 0)             (32.6528 1.27707e-05 0)             (32.6212 0.00035663 2.2627e-43)             (0.00384832 -0.0953296 1.60468e-27)             (-0.0102293 0.0294996 -3.52898e-27)
          9.9             (32.566 0.000133272 0)             (32.6195 8.30226e-06 0)             (32.588 0.000377969 2.15056e-43)             (0.00369054 -0.0955598 -9.13324e-28)             (-0.0140629 0.0285704 -2.74985e-27)
         9.95             (32.5413 0.000133279 0)             (32.5946 3.66271e-06 0)             (32.5633 0.000399245 2.03991e-43)             (0.0029019 -0.0974143 -3.9351e-28)             (-0.0150243 0.027789 -1.48531e-27)
           10             (32.5253 0.000133286 0)             (32.5785 -9.1731e-07 0)             (32.5473 0.000419852 1.93994e-43)             (0.00349248 -0.0996497 6.98709e-28)             (-0.0111289 0.027649 -4.21322e-29)
        10.05             (32.5183 0.000133292 0)             (32.5714 -5.02511e-06 0)             (32.5403 0.000436908 1.87261e-43)             (0.00388261 -0.100578 -4.13329e-28)             (-0.00618948 0.0284192 -6.32664e-28)
         10.1             (32.5204 0.000133297 0)             (32.5734 -7.98474e-06 0)             (32.5423 0.000448418 1.85719e-43)             (0.00364096 -0.102205 2.93712e-29)             (-0.00624866 0.0295917 -2.17399e-27)
        10.15             (32.5315 0.000133301 0)             (32.5845 -1.01033e-05 0)             (32.5534 0.000456376 1.87443e-43)             (0.00396815 -0.103376 -1.55613e-28)             (-0.0115819 0.0307323 -2.46758e-27)
         10.2             (32.5515 0.000133304 0)             (32.6045 -1.19391e-05 0)             (32.5734 0.000463015 1.90185e-43)             (0.00380163 -0.104497 6.29171e-29)             (-0.0165362 0.0315876 -3.11126e-27)
        10.25             (32.5801 0.000133307 0)             (32.6331 -1.33746e-05 0)             (32.602 0.000467355 1.94684e-43)             (0.00388807 -0.105743 1.88275e-28)             (-0.0193615 0.0333141 -2.15318e-27)
         10.3             (32.6169 0.000133308 0)             (32.6699 -1.41019e-05 0)             (32.6388 0.000467725 2.02171e-43)             (0.00358014 -0.107069 3.71224e-28)             (-0.0174034 0.0371966 -1.89184e-27)
        10.35             (32.6613 0.000133309 0)             (32.7145 -1.40304e-05 0)             (32.6832 0.000464602 2.12255e-43)             (0.00318164 -0.108555 3.02689e-28)             (-0.0162368 0.0409878 -3.09754e-27)
         10.4             (32.7128 0.00013331 0)             (32.766 -1.35012e-05 0)             (32.7347 0.000458713 2.24215e-43)             (0.00294977 -0.110223 2.35976e-28)             (-0.0198743 0.0429266 -4.83957e-27)
        10.45             (32.7706 0.00013331 0)             (32.8238 -1.22332e-05 0)             (32.7924 0.000448967 2.38793e-43)             (0.00323978 -0.111505 1.37855e-28)             (-0.0249779 0.0433267 -6.29205e-27)
         10.5             (32.8338 0.00013331 0)             (32.8872 -1.03524e-05 0)             (32.8557 0.000436583 2.5501e-43)             (0.00375064 -0.111744 3.62683e-28)             (-0.0256006 0.0449331 -5.64679e-27)
        10.55             (32.9016 0.000133309 0)             (32.9551 -8.02994e-06 0)             (32.9234 0.000422946 2.71235e-43)             (0.00385677 -0.111184 6.75902e-28)             (-0.0226434 0.0508772 -5.61634e-27)
         10.6             (32.9729 0.000133308 0)             (33.0266 -5.82924e-06 0)             (32.9949 0.000407356 2.88294e-43)             (0.0034249 -0.110727 7.42688e-28)             (-0.0232073 0.0615536 -6.20014e-27)
        10.65             (33.0469 0.000133307 0)             (33.1008 -3.04397e-06 0)             (33.0689 0.000388297 3.07412e-43)             (0.00279565 -0.111099 8.35651e-28)             (-0.0248686 0.0701442 -8.43577e-27)
         10.7             (33.1225 0.000133306 0)             (33.1765 1.76095e-07 0)             (33.1445 0.000367042 3.27983e-43)             (0.00250584 -0.111788 3.56424e-28)             (-0.0247912 0.071315 -1.10519e-26)
        10.75             (33.1986 0.000133305 0)             (33.2528 3.71665e-06 0)             (33.2206 0.000344211 3.48955e-43)             (0.00288412 -0.112044 1.33383e-28)             (-0.0202114 0.0701129 -1.05429e-26)
         10.8             (33.2742 0.000133304 0)             (33.3286 7.61862e-06 0)             (33.2962 0.000319869 3.70325e-43)             (0.00352612 -0.110774 -1.41014e-28)             (-0.0174369 0.0751095 -1.13358e-26)
        10.85             (33.3483 0.000133303 0)             (33.4028 1.19327e-05 0)             (33.3703 0.000294589 3.92006e-43)             (0.00421659 -0.10801 1.27714e-28)             (-0.0206147 0.0838913 -1.12227e-26)
         10.9             (33.4198 0.000133303 0)             (33.4745 1.61032e-05 0)             (33.4418 0.000270075 4.11125e-43)             (0.00424161 -0.104547 4.94397e-28)             (-0.0176038 0.0957393 -9.59436e-27)
        10.95             (33.4878 0.000133302 0)             (33.5427 1.99692e-05 0)             (33.5099 0.000245122 4.30105e-43)             (0.00332254 -0.102575 6.22083e-28)             (-0.0130983 0.105802 -8.69253e-27)
           11             (33.5514 0.000133302 0)             (33.6065 2.36817e-05 0)             (33.5735 0.000219605 4.48708e-43)             (0.00245684 -0.102102 1.88428e-28)             (-0.00844095 0.102378 -8.7451e-27)
        11.05             (33.6097 0.000133303 0)             (33.665 2.90977e-05 0)             (33.6319 0.000193361 4.67202e-43)             (0.00259692 -0.101804 -4.60645e-29)             (-0.00901375 0.0920021 -8.68585e-27)
         11.1             (33.662 0.000133304 0)             (33.7175 3.49382e-05 0)             (33.6842 0.00016992 4.84038e-43)             (0.00320577 -0.100255 -3.79368e-28)             (-0.0123577 0.0840522 -8.27812e-27)
        11.15             (33.7076 0.000133306 0)             (33.7633 4.0679e-05 0)             (33.7298 0.00014573 4.98682e-43)             (0.00390292 -0.0974939 -3.46428e-28)             (-0.0151481 0.0826537 -6.53229e-27)
         11.2             (33.7459 0.000133307 0)             (33.8017 4.53899e-05 0)             (33.7681 0.000124506 5.09394e-43)             (0.00439851 -0.0936591 -7.08955e-29)             (-0.0140155 0.0869895 -4.07653e-27)
        11.25             (33.7764 0.00013331 0)             (33.8323 4.76288e-05 0)             (33.7986 0.000104766 5.18044e-43)             (0.00391137 -0.0905379 2.31084e-28)             (-0.0107794 0.0924549 -3.92236e-27)
         11.3             (33.7986 0.000133313 0)             (33.8547 5.08617e-05 0)             (33.8209 8.43257e-05 5.26218e-43)             (0.00300981 -0.0893709 6.25814e-28)             (-0.0128075 0.0912319 -5.08787e-27)
        11.35             (33.8123 0.000133316 0)             (33.8686 5.2771e-05 0)             (33.8347 6.39778e-05 5.34968e-43)             (0.00275242 -0.0888375 2.27866e-28)             (-0.0171667 0.0831675 -6.97257e-27)
         11.4             (33.8174 0.00013332 0)             (33.8737 5.26584e-05 0)             (33.8397 4.70866e-05 5.40674e-43)             (0.00257528 -0.0887359 4.11919e-29)             (-0.0206893 0.0757579 -7.56416e-27)
        11.45             (33.8137 0.000133324 0)             (33.8702 5.26515e-05 0)             (33.8361 3.33848e-05 5.43784e-43)             (0.00333257 -0.0886826 5.14354e-28)             (-0.0206161 0.0747039 -6.07191e-27)
         11.5             (33.8013 0.000133329 0)             (33.8579 5.26682e-05 0)             (33.8238 2.245e-05 5.45063e-43)             (0.00364235 -0.0868738 -8.4597e-29)             (-0.0179523 0.0796096 -4.64792e-27)
        11.55             (33.7805 0.000133334 0)             (33.837 5.27954e-05 0)             (33.8029 1.3834e-05 5.4458e-43)             (0.00326074 -0.0852963 6.47311e-28)             (-0.0153616 0.0848336 -4.04983e-27)
         11.6             (33.7513 0.00013334 0)             (33.8079 5.31046e-05 0)             (33.7737 6.54684e-06 5.43231e-43)             (0.00265356 -0.0841126 5.07892e-28)             (-0.0156214 0.0843736 -4.9585e-27)
        11.65             (33.7142 0.000133346 0)             (33.7709 5.34522e-05 0)             (33.7367 1.18928e-06 5.40941e-43)             (0.00193518 -0.0839688 5.08349e-28)             (-0.019917 0.0776116 -6.75607e-27)
         11.7             (33.6698 0.000133352 0)             (33.7264 5.38255e-05 0)             (33.6923 -5.75266e-07 5.35073e-43)             (0.00215915 -0.0843682 3.37651e-28)             (-0.023875 0.0703738 -6.31215e-27)
        11.75             (33.6186 0.000133358 0)             (33.6752 5.42288e-05 0)             (33.6411 2.2521e-06 5.26622e-43)             (0.00250299 -0.0843423 3.21343e-28)             (-0.0232321 0.0662238 -3.91601e-27)
         11.8             (33.5612 0.000133365 0)             (33.6177 5.46597e-05 0)             (33.5837 9.50923e-06 5.14327e-43)             (0.00300115 -0.0835245 2.39549e-28)             (-0.018134 0.0647852 -2.67634e-27)
        11.85             (33.4985 0.000133371 0)             (33.5549 5.50748e-05 0)             (33.521 1.96906e-05 5.00048e-43)             (0.00269456 -0.0823072 3.24259e-28)             (-0.013789 0.0639048 -1.95751e-27)
         11.9             (33.4312 0.000133378 0)             (33.4875 5.54939e-05 0)             (33.4537 3.19347e-05 4.85123e-43)             (0.0021762 -0.0816952 5.77097e-28)             (-0.0134154 0.0599191 -3.2615e-27)
        11.95             (33.3603 0.000133385 0)             (33.4164 5.59258e-05 0)             (33.3827 4.65513e-05 4.69173e-43)             (0.00183083 -0.0815557 3.85027e-28)             (-0.0170785 0.0537159 -5.06675e-27)
           12             (33.2866 0.000133391 0)             (33.3426 5.63989e-05 0)             (33.3091 6.59098e-05 4.50734e-43)             (0.00172954 -0.0820212 3.91773e-28)             (-0.0211676 0.0487354 -4.10132e-27)
        12.05             (33.2113 0.000133398 0)             (33.2671 5.69071e-05 0)             (33.2337 8.93121e-05 4.30641e-43)             (0.00205462 -0.082348 2.84747e-28)             (-0.02048 0.0447093 -2.35503e-27)
         12.1             (33.1353 0.000133404 0)             (33.1908 5.49509e-05 0)             (33.1577 0.000117636 4.07053e-43)             (0.00223028 -0.0818942 5.81013e-29)             (-0.0158723 0.0410808 -1.08814e-27)
        12.15             (33.0597 0.00013341 0)             (33.115 5.15825e-05 0)             (33.0821 0.000147249 3.82571e-43)             (0.00176624 -0.081775 1.21554e-29)             (-0.00962504 0.0377192 -8.09792e-28)
         12.2             (32.9855 0.000133416 0)             (33.0405 4.79591e-05 0)             (33.0078 0.000174412 3.59153e-43)             (0.000998779 -0.0830641 4.10169e-28)             (-0.00736257 0.0346665 -2.60053e-27)
        12.25             (32.9136 0.000133421 0)             (32.9684 4.2219e-05 0)             (32.9359 0.000202437 3.34941e-43)             (0.000830291 -0.0851957 9.56666e-28)             (-0.00991759 0.0321086 -3.74263e-27)
         12.3             (32.8452 0.000133425 0)             (32.8998 3.74395e-05 0)             (32.8675 0.000231302 3.12773e-43)             (0.00131473 -0.0879176 1.14008e-27)             (-0.0131455 0.030273 -2.48271e-27)
        12.35             (32.7812 0.000133429 0)             (32.8356 3.23108e-05 0)             (32.8034 0.000260864 2.90553e-43)             (0.00230785 -0.0903569 8.3297e-28)             (-0.0118866 0.0288523 -9.28467e-28)
         12.4             (32.7225 0.000133433 0)             (32.7766 2.65117e-05 0)             (32.7447 0.000290071 2.69034e-43)             (0.0030698 -0.091594 -2.8174e-29)             (-0.00744517 0.0274914 -3.28487e-28)
        12.45             (32.6699 0.000133436 0)             (32.7239 2.09435e-05 0)             (32.6921 0.000317486 2.50108e-43)             (0.00296551 -0.0922677 -7.584e-28)             (-0.00416526 0.0264318 -8.10406e-28)
         12.5             (32.6242 0.000133438 0)             (32.678 1.59505e-05 0)             (32.6463 0.000341983 2.34701e-43)             (0.0025787 -0.0936497 -1.1345e-28)             (-0.00524498 0.0253443 -2.75795e-27)
        12.55             (32.586 0.00013344 0)             (32.6396 1.13384e-05 0)             (32.6081 0.000364426 2.21999e-43)             (0.00305881 -0.0955221 1.14628e-27)             (-0.0104015 0.0253197 -3.20449e-27)
         12.6             (32.5559 0.000133441 0)             (32.6094 6.71664e-06 0)             (32.578 0.000386249 2.10447e-43)             (0.00367434 -0.09633 1.50737e-28)             (-0.013835 0.0252604 -1.94614e-27)
        12.65             (32.5344 0.000133441 0)             (32.5877 1.96132e-06 0)             (32.5564 0.000408075 1.99093e-43)             (0.00286408 -0.0975651 -6.02179e-28)             (-0.0137219 0.0252987 -1.29091e-27)
         12.7             (32.5217 0.000133441 0)             (32.5749 -2.46641e-06 0)             (32.5437 0.000427022 1.90638e-43)             (0.00267845 -0.100306 2.84289e-28)             (-0.0105421 0.0260534 -4.4858e-28)
        12.75             (32.518 0.00013344 0)             (32.5711 -6.03657e-06 0)             (32.5399 0.000441634 1.86236e-43)             (0.00335132 -0.102352 2.58175e-28)             (-0.00784586 0.0268658 -1.54202e-27)
         12.8             (32.5234 0.000133438 0)             (32.5765 -8.75554e-06 0)             (32.5453 0.000452152 1.85655e-43)             (0.00325656 -0.103527 -2.71736e-28)             (-0.0113677 0.0279834 -3.29317e-27)
        12.85             (32.5378 0.000133436 0)             (32.5908 -1.07168e-05 0)             (32.5597 0.000459307 1.88053e-43)             (0.00347699 -0.105043 8.28038e-29)             (-0.0181083 0.0289683 -3.23562e-27)
         12.9             (32.561 0.000133433 0)             (32.614 -1.23744e-05 0)             (32.5829 0.000465159 1.91365e-43)             (0.00340159 -0.10615 -8.80383e-29)             (-0.0201623 0.0303254 -2.59462e-27)
        12.95             (32.5927 0.00013343 0)             (32.6457 -1.35437e-05 0)             (32.6145 0.000467832 1.9702e-43)             (0.00332153 -0.107643 1.54615e-28)             (-0.0190225 0.0325078 -2.28602e-27)
           13             (32.6323 0.000133426 0)             (32.6854 -1.39407e-05 0)             (32.6542 0.000466745 2.05665e-43)             (0.00306122 -0.109085 9.76533e-29)             (-0.0167073 0.0363881 -2.35664e-27)
        13.05             (32.6794 0.000133422 0)             (32.7326 -1.36914e-05 0)             (32.7013 0.000462288 2.16715e-43)             (0.00277365 -0.110587 3.96688e-30)             (-0.0181839 0.039299 -4.13377e-27)
         13.1             (32.7333 0.000133417 0)             (32.7865 -1.28402e-05 0)             (32.7551 0.000454944 2.29742e-43)             (0.00297758 -0.111955 -5.69618e-29)             (-0.0235973 0.0398422 -5.75711e-27)
        13.15             (32.7931 0.000133412 0)             (32.8465 -1.14654e-05 0)             (32.815 0.000444944 2.44271e-43)             (0.00330833 -0.112571 -3.59854e-29)             (-0.0289054 0.0401572 -5.63982e-27)
         13.2             (32.8581 0.000133407 0)             (32.9116 -9.46082e-06 0)             (32.88 0.000431662 2.60961e-43)             (0.00355885 -0.112334 1.64236e-28)             (-0.027971 0.0429309 -5.77116e-27)
        13.25             (32.9273 0.000133402 0)             (32.9809 -7.1277e-06 0)             (32.9492 0.000417109 2.77651e-43)             (0.0034255 -0.111753 3.99396e-28)             (-0.0253097 0.0493949 -5.68754e-27)
         13.3             (32.9998 0.000133397 0)             (33.0535 -4.7672e-06 0)             (33.0217 0.000400368 2.95199e-43)             (0.00280358 -0.111658 4.85411e-28)             (-0.0248999 0.057561 -6.81632e-27)
        13.35             (33.0745 0.000133392 0)             (33.1284 -1.83653e-06 0)             (33.0964 0.00038039 3.15053e-43)             (0.00248332 -0.112244 2.04661e-28)             (-0.0254046 0.0608492 -9.40487e-27)
         13.4             (33.1504 0.000133388 0)             (33.2044 1.50436e-06 0)             (33.1723 0.000358199 3.36245e-43)             (0.00259496 -0.11264 -4.84721e-29)             (-0.025043 0.0588492 -1.07382e-26)
        13.45             (33.2264 0.000133383 0)             (33.2807 5.17365e-06 0)             (33.2484 0.000334339 3.57857e-43)             (0.00325512 -0.111749 -4.05569e-28)             (-0.019386 0.0595486 -9.6106e-27)
         13.5             (33.3016 0.000133379 0)             (33.356 9.05068e-06 0)             (33.3236 0.000310182 3.78823e-43)             (0.00389658 -0.109553 -2.46217e-28)             (-0.017736 0.068385 -1.05995e-26)
        13.55             (33.3748 0.000133375 0)             (33.4294 1.33023e-05 0)             (33.3969 0.000285433 3.9978e-43)             (0.0042484 -0.106603 8.57078e-29)             (-0.0211846 0.0801252 -1.02919e-26)
         13.6             (33.4452 0.000133371 0)             (33.5 1.72637e-05 0)             (33.4672 0.000261419 4.18101e-43)             (0.00368291 -0.10417 3.84511e-28)             (-0.0177887 0.0916831 -9.47523e-27)
        13.65             (33.5117 0.000133368 0)             (33.5667 2.13206e-05 0)             (33.5338 0.000236019 4.37048e-43)             (0.00292434 -0.103053 4.53555e-28)             (-0.0131619 0.0965974 -9.89078e-27)
         13.7             (33.5734 0.000133366 0)             (33.6286 2.56603e-05 0)             (33.5955 0.000209549 4.55959e-43)             (0.00268597 -0.102675 1.6781e-28)             (-0.011037 0.0914657 -1.03034e-26)
        13.75             (33.6296 0.000133364 0)             (33.685 3.13411e-05 0)             (33.6518 0.000184607 4.73409e-43)             (0.0030432 -0.10171 -1.72315e-28)             (-0.0127819 0.0859062 -9.1555e-27)
         13.8             (33.6795 0.000133362 0)             (33.7351 3.71921e-05 0)             (33.7017 0.000160713 4.89714e-43)             (0.00364502 -0.0994868 -2.89818e-28)             (-0.0158843 0.0855814 -7.75476e-27)
        13.85             (33.7225 0.000133361 0)             (33.7782 4.28228e-05 0)             (33.7447 0.000137971 5.02802e-43)             (0.00428827 -0.0960007 -8.17681e-29)             (-0.0173395 0.0898439 -5.52898e-27)
         13.9             (33.758 0.000133361 0)             (33.8139 4.63916e-05 0)             (33.7802 0.00011758 5.12465e-43)             (0.00407456 -0.0923359 8.65862e-29)             (-0.0146595 0.0951709 -4.23825e-27)
        13.95             (33.7855 0.000133361 0)             (33.8415 4.86415e-05 0)             (33.8078 9.71664e-05 5.21228e-43)             (0.00314017 -0.0903251 4.70022e-28)             (-0.0145266 0.0941872 -5.52128e-27)
           14             (33.8046 0.000133362 0)             (33.8608 5.2407e-05 0)             (33.8269 7.61177e-05 5.3001e-43)             (0.00269032 -0.0898593 5.34657e-28)             (-0.0158409 0.0846563 -7.61224e-27)
        14.05             (33.8152 0.000133364 0)             (33.8715 5.28624e-05 0)             (33.8375 5.71597e-05 5.37648e-43)             (0.00247991 -0.0894535 -1.30338e-28)             (-0.0155549 0.0751517 -8.00006e-27)
         14.1             (33.8171 0.000133366 0)             (33.8734 5.28127e-05 0)             (33.8394 4.18434e-05 5.42013e-43)             (0.00262911 -0.089442 2.6212e-28)             (-0.0155574 0.0720055 -7.34847e-27)
        14.15             (33.8102 0.000133368 0)             (33.8667 5.28077e-05 0)             (33.8326 2.89935e-05 5.44598e-43)             (0.00340203 -0.0884646 2.96285e-28)             (-0.0148941 0.0763773 -5.6075e-27)
         14.2             (33.7947 0.000133371 0)             (33.8512 5.28176e-05 0)             (33.8171 1.92585e-05 5.44897e-43)             (0.00325861 -0.0863993 1.5387e-28)             (-0.0121036 0.0834303 -4.61406e-27)
        14.25             (33.7707 0.000133375 0)             (33.8273 5.29739e-05 0)             (33.7931 1.08773e-05 5.44396e-43)             (0.0026164 -0.0850505 6.82426e-28)             (-0.00968558 0.0851633 -5.23049e-27)
         14.3             (33.7386 0.000133379 0)             (33.7952 5.33252e-05 0)             (33.7611 3.79372e-06 5.43016e-43)             (0.00200561 -0.0843306 3.56815e-28)             (-0.0104134 0.0798556 -6.29709e-27)
        14.35             (33.6988 0.000133383 0)             (33.7554 5.36599e-05 0)             (33.7213 -3.23672e-07 5.39373e-43)             (0.00172158 -0.0844465 2.57983e-28)             (-0.0135272 0.0734115 -6.19893e-27)
         14.4             (33.6518 0.000133388 0)             (33.7084 5.40374e-05 0)             (33.6743 1.63838e-07 5.31969e-43)             (0.00206104 -0.0846549 2.02419e-28)             (-0.0162076 0.0695882 -4.85623e-27)
        14.45             (33.5983 0.000133393 0)             (33.6548 5.44552e-05 0)             (33.6207 5.28357e-06 5.2189e-43)             (0.0024455 -0.0841406 4.74382e-29)             (-0.0146475 0.0694133 -2.72495e-27)
         14.5             (33.5388 0.000133398 0)             (33.5953 5.486e-05 0)             (33.5613 1.34596e-05 5.08778e-43)             (0.00255292 -0.0831568 2.38248e-28)             (-0.0107431 0.0700052 -1.95658e-27)
        14.55             (33.4743 0.000133404 0)             (33.5307 5.52855e-05 0)             (33.4968 2.39137e-05 4.94861e-43)             (0.00230741 -0.0821107 3.658e-28)             (-0.00905103 0.0675018 -2.60254e-27)
         14.6             (33.4056 0.000133409 0)             (33.4618 5.56983e-05 0)             (33.4281 3.69579e-05 4.79266e-43)             (0.00178266 -0.0815937 3.57064e-28)             (-0.00990468 0.0610584 -3.9164e-27)
        14.65             (33.3336 0.000133415 0)             (33.3896 5.61083e-05 0)             (33.356 5.33274e-05 4.62634e-43)             (0.00157466 -0.0817679 3.12693e-28)             (-0.0132992 0.0543322 -5.11088e-27)
         14.7             (33.2592 0.00013342 0)             (33.3151 5.65787e-05 0)             (33.2816 7.37486e-05 4.43811e-43)             (0.00177602 -0.08205 1.73907e-28)             (-0.0157756 0.0492819 -3.11687e-27)
        14.75             (33.1835 0.000133425 0)             (33.2392 5.68046e-05 0)             (33.2059 9.93651e-05 4.22703e-43)             (0.00205534 -0.082 1.20189e-28)             (-0.012042 0.0447201 -1.10673e-27)
         14.8             (33.1075 0.00013343 0)             (33.163 5.36369e-05 0)             (33.1299 0.000128155 3.98308e-43)             (0.00201969 -0.0816865 7.43589e-29)             (-0.0069612 0.0405309 -1.12146e-27)
        14.85             (33.0323 0.000133435 0)             (33.0875 5.05144e-05 0)             (33.0547 0.000156718 3.74741e-43)             (0.00136849 -0.082187 1.07024e-28)             (-0.00429949 0.0378559 -1.82052e-27)
         14.9             (32.9588 0.000133439 0)             (33.0138 4.5853e-05 0)             (32.9811 0.000183482 3.51291e-43)             (0.000815657 -0.0840866 5.38365e-28)             (-0.00641986 0.0354919 -3.21267e-27)
        14.95             (32.8881 0.000133443 0)             (32.9428 4.04077e-05 0)             (32.9104 0.000212911 3.26799e-43)             (0.000963305 -0.0866374 9.00727e-28)             (-0.0123911 0.0336266 -3.58163e-27)
           15             (32.8212 0.000133447 0)             (32.8757 3.56903e-05 0)             (32.8435 0.00024179 3.05243e-43)             (0.00165527 -0.0894336 1.07808e-27)             (-0.0148781 0.0323762 -1.57371e-27)
        15.05             (32.7591 0.00013345 0)             (32.8133 3.03642e-05 0)             (32.7813 0.000271722 2.82478e-43)             (0.00258598 -0.0914009 7.68623e-28)             (-0.0128176 0.0314105 -8.83549e-28)
         15.1             (32.7025 0.000133452 0)             (32.7566 2.4439e-05 0)             (32.7247 0.000300077 2.61957e-43)             (0.00313913 -0.0924625 1.48373e-29)             (-0.0100024 0.0306979 -5.21145e-28)
        15.15             (32.6523 0.000133454 0)             (32.7062 1.91132e-05 0)             (32.6745 0.000326595 2.44187e-43)             (0.00288286 -0.0934293 -5.57661e-28)             (-0.00936902 0.0304101 -1.81125e-27)
         15.2             (32.6093 0.000133456 0)             (32.663 1.43528e-05 0)             (32.6314 0.000350078 2.30011e-43)             (0.00269496 -0.0948846 2.85849e-29)             (-0.0142875 0.0301724 -3.56053e-27)
        15.25             (32.574 0.000133456 0)             (32.6276 9.84854e-06 0)             (32.5961 0.000371915 2.18219e-43)             (0.0033091 -0.0963251 7.52891e-28)             (-0.020053 0.029746 -2.32412e-27)
         15.3             (32.547 0.000133456 0)             (32.6004 5.06036e-06 0)             (32.569 0.000394286 2.06132e-43)             (0.0034939 -0.0970538 -1.86646e-28)             (-0.0206514 0.0295924 -1.2047e-27)
        15.35             (32.5287 0.000133456 0)             (32.582 3.36229e-07 0)             (32.5507 0.000415324 1.95607e-43)             (0.00284693 -0.0987607 -4.81441e-28)             (-0.0188474 0.0301463 -1.50033e-27)
         15.4             (32.5193 0.000133455 0)             (32.5725 -3.57476e-06 0)             (32.5412 0.000431767 1.89484e-43)             (0.00292513 -0.101446 3.51239e-28)             (-0.0171408 0.0311242 -1.82135e-27)
        15.45             (32.5189 0.000133453 0)             (32.572 -6.82788e-06 0)             (32.5409 0.000444742 1.86618e-43)             (0.00350931 -0.102926 -1.27515e-28)             (-0.0188572 0.0312527 -3.25122e-27)
         15.5             (32.5276 0.00013345 0)             (32.5807 -9.34076e-06 0)             (32.5495 0.000454392 1.8683e-43)             (0.00323775 -0.104206 -1.33884e-28)             (-0.0233341 0.0308426 -3.57822e-27)
        15.55             (32.5453 0.000133447 0)             (32.5983 -1.12662e-05 0)             (32.5672 0.000461533 1.89151e-43)             (0.003512 -0.10566 -4.28565e-29)             (-0.025412 0.0313302 -3.03441e-27)
         15.6             (32.5716 0.000133444 0)             (32.6247 -1.28509e-05 0)             (32.5935 0.000466419 1.93172e-43)             (0.00334766 -0.106853 -1.73983e-29)             (-0.0246132 0.0327066 -3.27252e-27)
        15.65             (32.6063 0.00013344 0)             (32.6593 -1.36785e-05 0)             (32.6282 0.000467466 2.00195e-43)             (0.00318077 -0.108265 6.68442e-29)             (-0.0218406 0.0348656 -2.90253e-27)
         15.7             (32.6487 0.000133435 0)             (32.7018 -1.38865e-05 0)             (32.6706 0.000465438 2.09455e-43)             (0.00288034 -0.109862 1.0158e-28)             (-0.0196171 0.0368373 -3.67267e-27)
        15.75             (32.6984 0.00013343 0)             (32.7516 -1.34313e-05 0)             (32.7203 0.000459966 2.21176e-43)             (0.00286858 -0.111465 3.90588e-29)             (-0.0210205 0.0369067 -5.36082e-27)
         15.8             (32.7546 0.000133425 0)             (32.8078 -1.23688e-05 0)             (32.7764 0.000451442 2.35008e-43)             (0.00314016 -0.112381 -6.36166e-29)             (-0.0243191 0.0365447 -5.97644e-27)
        15.85             (32.8164 0.00013342 0)             (32.8698 -1.08165e-05 0)             (32.8383 0.000440435 2.50176e-43)             (0.00345467 -0.112414 1.11011e-28)             (-0.0247827 0.0376705 -4.88068e-27)
         15.9             (32.883 0.000133414 0)             (32.9365 -8.70236e-06 0)             (32.9049 0.000427254 2.66221e-43)             (0.00346534 -0.111938 4.21451e-28)             (-0.021314 0.0417114 -5.11929e-27)
        15.95             (32.9536 0.000133409 0)             (33.0072 -6.44046e-06 0)             (32.9755 0.000411943 2.83393e-43)             (0.00298931 -0.111618 5.18675e-28)             (-0.0192253 0.049935 -5.57425e-27)
           16             (33.027 0.000133404 0)             (33.0807 -3.83396e-06 0)             (33.0489 0.000393446 3.02314e-43)             (0.00250114 -0.112075 4.63748e-28)             (-0.0210043 0.0580061 -7.98071e-27)
        16.05             (33.1022 0.000133399 0)             (33.1562 -7.50934e-07 0)             (33.1242 0.000372656 3.22741e-43)             (0.00253508 -0.112576 5.551e-29)             (-0.0245453 0.0599056 -1.06186e-26)
         16.1             (33.1783 0.000133394 0)             (33.2324 2.56385e-06 0)             (33.2002 0.000350498 3.43401e-43)             (0.00303406 -0.112293 -1.1228e-28)             (-0.0231495 0.0597346 -9.75392e-27)
        16.15             (33.2541 0.000133389 0)             (33.3084 6.26682e-06 0)             (33.2761 0.000326696 3.64606e-43)             (0.00369218 -0.110633 -6.6479e-29)             (-0.0191835 0.0661862 -1.05703e-26)
         16.2             (33.3287 0.000133384 0)             (33.3832 1.02614e-05 0)             (33.3507 0.000302264 3.85646e-43)             (0.00402298 -0.108088 2.69657e-28)             (-0.0214014 0.0780024 -1.0585e-26)
        16.25             (33.401 0.00013338 0)             (33.4557 1.44697e-05 0)             (33.423 0.000277948 4.05184e-43)             (0.00358378 -0.105727 5.18474e-28)             (-0.02015 0.0903898 -9.9832e-27)
         16.3             (33.47 0.000133377 0)             (33.5249 1.86617e-05 0)             (33.4921 0.000253173 4.23878e-43)             (0.00272915 -0.104499 4.60726e-28)             (-0.0163201 0.0974976 -9.89615e-27)
        16.35             (33.5349 0.000133373 0)             (33.5899 2.27696e-05 0)             (33.557 0.000226082 4.44093e-43)             (0.00247993 -0.104119 2.08919e-28)             (-0.0118426 0.0934127 -1.04888e-26)
         16.4             (33.5947 0.000133371 0)             (33.65 2.7878e-05 0)             (33.6168 0.000199903 4.6268e-43)             (0.00269631 -0.103449 -7.69559e-29)             (-0.0119935 0.0859935 -9.65275e-27)
        16.45             (33.6487 0.000133369 0)             (33.7041 3.34614e-05 0)             (33.6708 0.000176231 4.79521e-43)             (0.0032137 -0.101665 -3.9323e-28)             (-0.0137801 0.0825055 -8.26959e-27)
         16.5             (33.6961 0.000133367 0)             (33.7517 3.92209e-05 0)             (33.7183 0.000152469 4.94515e-43)             (0.00387718 -0.0986087 -3.04963e-28)             (-0.0162805 0.0842035 -6.64913e-27)
        16.55             (33.7364 0.000133366 0)             (33.7922 4.45254e-05 0)             (33.7586 0.000130684 5.06172e-43)             (0.00412152 -0.0948885 -1.04663e-28)             (-0.0154006 0.0882006 -4.73959e-27)
         16.6             (33.769 0.000133366 0)             (33.8249 4.71675e-05 0)             (33.7913 0.000109986 5.15965e-43)             (0.00359459 -0.0919713 7.37229e-29)             (-0.0132566 0.0899589 -5.83081e-27)
        16.65             (33.7935 0.000133366 0)             (33.8495 5.01085e-05 0)             (33.8158 8.87081e-05 5.24931e-43)             (0.00296247 -0.0908616 3.68543e-28)             (-0.0151575 0.0841692 -7.49472e-27)
         16.7             (33.8095 0.000133367 0)             (33.8657 5.28653e-05 0)             (33.8318 6.80991e-05 5.33818e-43)             (0.00296268 -0.090376 1.25527e-28)             (-0.0158703 0.0763185 -7.49785e-27)
        16.75             (33.8169 0.000133369 0)             (33.8732 5.2872e-05 0)             (33.8392 5.18487e-05 5.38879e-43)             (0.00294572 -0.0895548 -2.63669e-28)             (-0.0155284 0.0737112 -7.49591e-27)
         16.8             (33.8156 0.000133371 0)             (33.872 5.28492e-05 0)             (33.8379 3.756e-05 5.42523e-43)             (0.00331661 -0.0888369 4.28092e-28)             (-0.0174079 0.0784619 -6.34387e-27)
        16.85             (33.8055 0.000133373 0)             (33.862 5.28585e-05 0)             (33.8279 2.59638e-05 5.4411e-43)             (0.00371667 -0.0869592 2.78334e-28)             (-0.0176938 0.0865421 -5.79547e-27)
         16.9             (33.7869 0.000133376 0)             (33.8434 5.2859e-05 0)             (33.8093 1.61674e-05 5.44561e-43)             (0.00298258 -0.0851064 4.19311e-28)             (-0.0154788 0.0896128 -6.66201e-27)
        16.95             (33.7599 0.00013338 0)             (33.8165 5.31292e-05 0)             (33.7823 7.42677e-06 5.44671e-43)             (0.00229006 -0.0843798 7.00252e-28)             (-0.01335 0.0841527 -7.88279e-27)
           17             (33.7249 0.000133384 0)             (33.7815 5.34645e-05 0)             (33.7473 1.29024e-06 5.42785e-43)             (0.00188532 -0.0841571 2.2333e-28)             (-0.0132119 0.0769762 -7.59612e-27)
        17.05             (33.6824 0.000133388 0)             (33.739 5.3835e-05 0)             (33.7048 -4.31172e-07 5.3696e-43)             (0.00191555 -0.0844596 2.11102e-28)             (-0.0139838 0.0728568 -6.60016e-27)
         17.1             (33.6329 0.000133393 0)             (33.6895 5.42115e-05 0)             (33.6554 2.06289e-06 5.28243e-43)             (0.00234315 -0.0842915 8.83409e-29)             (-0.014149 0.073555 -4.32864e-27)
        17.15             (33.5771 0.000133398 0)             (33.6336 5.46254e-05 0)             (33.5996 8.04671e-06 5.17298e-43)             (0.00247794 -0.0834327 7.06081e-29)             (-0.0115881 0.0763607 -3.06593e-27)
         17.2             (33.5158 0.000133403 0)             (33.5722 5.50257e-05 0)             (33.5382 1.63918e-05 5.04511e-43)             (0.00235367 -0.0825143 3.31948e-28)             (-0.0105607 0.0767653 -3.58178e-27)
        17.25             (33.4496 0.000133408 0)             (33.5059 5.54234e-05 0)             (33.4721 2.73458e-05 4.90154e-43)             (0.00194083 -0.0818471 2.58463e-28)             (-0.0126187 0.0720121 -4.32444e-27)
         17.3             (33.3795 0.000133414 0)             (33.4357 5.58291e-05 0)             (33.402 4.18557e-05 4.73991e-43)             (0.00166762 -0.0818562 3.12864e-28)             (-0.0158454 0.0648831 -5.27106e-27)
        17.35             (33.3065 0.000133419 0)             (33.3625 5.62896e-05 0)             (33.329 6.01067e-05 4.56064e-43)             (0.00185654 -0.0820746 1.86072e-28)             (-0.018673 0.0589924 -4.07962e-27)
         17.4             (33.2316 0.000133424 0)             (33.2874 5.6792e-05 0)             (33.254 8.27963e-05 4.36079e-43)             (0.00206579 -0.0820057 4.70842e-29)             (-0.0162556 0.0548033 -1.78972e-27)
        17.45             (33.1557 0.000133429 0)             (33.2112 5.58136e-05 0)             (33.1781 0.000109664 4.13779e-43)             (0.00215935 -0.0815795 1.38224e-28)             (-0.0114925 0.0517251 -1.62612e-27)
         17.5             (33.0798 0.000133434 0)             (33.1352 5.25731e-05 0)             (33.1022 0.000137892 3.90216e-43)             (0.00176088 -0.081294 -2.80391e-29)             (-0.00828694 0.0487494 -1.78811e-27)
        17.55             (33.0051 0.000133439 0)             (33.0602 4.95567e-05 0)             (33.0275 0.000165759 3.66495e-43)             (0.000987168 -0.0823659 1.25905e-28)             (-0.00784752 0.0447641 -2.94186e-27)
         17.6             (32.9325 0.000133443 0)             (32.9874 4.37634e-05 0)             (32.9548 0.000193824 3.42591e-43)             (0.000743554 -0.0846371 6.0266e-28)             (-0.0107535 0.0403569 -4.0178e-27)
        17.65             (32.8631 0.000133447 0)             (32.9178 3.87119e-05 0)             (32.8854 0.000223676 3.18486e-43)             (0.00113796 -0.0873286 8.36581e-28)             (-0.0133801 0.0373404 -2.59834e-27)
         17.7             (32.7979 0.00013345 0)             (32.8523 3.37219e-05 0)             (32.8201 0.000252956 2.9651e-43)             (0.00192121 -0.0898402 8.86206e-28)             (-0.010157 0.0348432 -8.30613e-28)
        17.75             (32.7376 0.000133453 0)             (32.7918 2.81884e-05 0)             (32.7598 0.000282004 2.75e-43)             (0.00270549 -0.0915772 6.04866e-28)             (-0.00586293 0.0323208 -8.98856e-28)
         17.8             (32.6833 0.000133455 0)             (32.7373 2.2467e-05 0)             (32.7055 0.000309765 2.55412e-43)             (0.00297996 -0.0927463 1.71808e-29)             (-0.00334236 0.0308502 -1.35241e-27)
        17.85             (32.6357 0.000133457 0)             (32.6895 1.74215e-05 0)             (32.6578 0.00033462 2.39464e-43)             (0.00279579 -0.0939707 -2.39545e-28)             (-0.00535724 0.0298393 -2.65395e-27)
         17.9             (32.5954 0.000133458 0)             (32.6491 1.27519e-05 0)             (32.6175 0.000357888 2.25824e-43)             (0.0028548 -0.0953952 2.46645e-28)             (-0.011375 0.0292964 -3.25291e-27)
        17.95             (32.5632 0.000133458 0)             (32.6167 8.0417e-06 0)             (32.5852 0.000380597 2.13423e-43)             (0.00334181 -0.0964697 3.21444e-28)             (-0.013722 0.0287107 -1.4711e-27)
           18             (32.5393 0.000133458 0)             (32.5926 3.08606e-06 0)             (32.5613 0.000403171 2.01255e-43)             (0.0032202 -0.0974852 -3.52308e-28)             (-0.0121868 0.0287564 -8.34296e-28)
        18.05             (32.5242 0.000133457 0)             (32.5774 -1.3913e-06 0)             (32.5462 0.000422617 1.92218e-43)             (0.00287553 -0.099522 -2.50207e-28)             (-0.0107425 0.0293797 -9.31509e-28)
         18.1             (32.5181 0.000133455 0)             (32.5712 -5.03863e-06 0)             (32.54 0.000437889 1.87195e-43)             (0.00325181 -0.101751 3.2551e-28)             (-0.0112251 0.0301986 -1.84829e-27)
        18.15             (32.5211 0.000133453 0)             (32.5741 -8.01756e-06 0)             (32.543 0.000449664 1.85456e-43)             (0.00346823 -0.102826 -4.04793e-28)             (-0.0158226 0.0307965 -3.15777e-27)
         18.2             (32.5331 0.00013345 0)             (32.5861 -1.0244e-05 0)             (32.555 0.000458091 1.86728e-43)             (0.00342899 -0.104414 1.46733e-28)             (-0.021656 0.0315223 -2.98363e-27)
        18.25             (32.5539 0.000133447 0)             (32.607 -1.20709e-05 0)             (32.5758 0.000464627 1.89543e-43)             (0.00339244 -0.10574 -1.24588e-28)             (-0.0236819 0.0330261 -2.37734e-27)
         18.3             (32.5834 0.000133443 0)             (32.6364 -1.33775e-05 0)             (32.6053 0.000467852 1.94858e-43)             (0.00317446 -0.107432 1.41522e-28)             (-0.0230681 0.0346122 -2.52294e-27)
        18.35             (32.621 0.000133439 0)             (32.674 -1.3965e-05 0)             (32.6428 0.000467837 2.02681e-43)             (0.00291249 -0.109096 3.57074e-29)             (-0.0220894 0.0361889 -3.20658e-27)
         18.4             (32.6661 0.000133434 0)             (32.7193 -1.38453e-05 0)             (32.688 0.000463905 2.13389e-43)             (0.00278948 -0.11089 6.81815e-29)             (-0.0232037 0.0361287 -4.4433e-27)
        18.45             (32.7183 0.000133429 0)             (32.7715 -1.3097e-05 0)             (32.7401 0.000457315 2.25929e-43)             (0.00297481 -0.112153 -7.48086e-29)             (-0.0260393 0.0348819 -5.14114e-27)
         18.5             (32.7766 0.000133424 0)             (32.8299 -1.1939e-05 0)             (32.7985 0.000448336 2.39803e-43)             (0.00328775 -0.112607 3.8457e-29)             (-0.0280738 0.034852 -4.75027e-27)
        18.55             (32.8403 0.000133419 0)             (32.8937 -1.01111e-05 0)             (32.8622 0.000435543 2.56325e-43)             (0.00340096 -0.112424 2.60119e-28)             (-0.0250233 0.0372536 -4.73298e-27)
         18.6             (32.9085 0.000133413 0)             (32.962 -7.76072e-06 0)             (32.9304 0.000421641 2.72572e-43)             (0.00309074 -0.112176 3.93432e-28)             (-0.0215671 0.0428169 -5.3152e-27)
        18.65             (32.9802 0.000133408 0)             (33.0338 -5.49503e-06 0)             (33.0021 0.000405177 2.90334e-43)             (0.00263189 -0.112469 3.06958e-28)             (-0.0212092 0.0505831 -6.425e-27)
         18.7             (33.0544 0.000133403 0)             (33.1082 -2.67461e-06 0)             (33.0763 0.000385793 3.09819e-43)             (0.0026511 -0.113019 1.01377e-28)             (-0.0245684 0.0552588 -9.39134e-27)
        18.75             (33.13 0.000133397 0)             (33.184 5.34916e-07 0)             (33.152 0.000364199 3.30621e-43)             (0.00304251 -0.112799 -1.41393e-28)             (-0.0279917 0.0559536 -1.00149e-26)
         18.8             (33.2061 0.000133392 0)             (33.2603 4.00768e-06 0)             (33.2281 0.000341207 3.51686e-43)             (0.00367368 -0.111349 -1.17599e-28)             (-0.0249332 0.0593501 -1.01337e-26)
        18.85             (33.2816 0.000133388 0)             (33.336 7.70319e-06 0)             (33.3036 0.0003179 3.72156e-43)             (0.00403856 -0.109 2.1275e-28)             (-0.0238622 0.0690443 -1.03669e-26)
         18.9             (33.3555 0.000133383 0)             (33.41 1.16625e-05 0)             (33.3775 0.000293642 3.92878e-43)             (0.00376024 -0.106675 5.0596e-28)             (-0.0241082 0.0792425 -1.03646e-26)
        18.95             (33.4267 0.000133379 0)             (33.4814 1.59275e-05 0)             (33.4488 0.000269006 4.1199e-43)             (0.00297289 -0.105234 5.07032e-28)             (-0.0205307 0.0855363 -1.02712e-26)
           19             (33.4943 0.000133376 0)             (33.5493 2.02915e-05 0)             (33.5164 0.000242708 4.31761e-43)             (0.00244881 -0.104815 3.14922e-28)             (-0.0152724 0.0842 -1.03703e-26)
        19.05             (33.5574 0.000133373 0)             (33.6126 2.44559e-05 0)             (33.5795 0.000215909 4.51664e-43)             (0.0026068 -0.104387 -3.59014e-29)             (-0.0130478 0.0788821 -1.05812e-26)
         19.1             (33.6152 0.00013337 0)             (33.6705 2.98654e-05 0)             (33.6373 0.000191135 4.6877e-43)             (0.00307276 -0.102989 -3.10565e-28)             (-0.0141462 0.0761446 -8.91135e-27)
        19.15             (33.6668 0.000133369 0)             (33.7224 3.55715e-05 0)             (33.689 0.000167648 4.85277e-43)             (0.00368091 -0.100301 -3.41634e-28)             (-0.0146975 0.0780101 -7.56255e-27)
         19.2             (33.7117 0.000133367 0)             (33.7674 4.13217e-05 0)             (33.734 0.000143767 4.99617e-43)             (0.00404857 -0.0967594 -1.74466e-28)             (-0.0148469 0.0823476 -6.35459e-27)
        19.25             (33.7493 0.000133366 0)             (33.8051 4.57436e-05 0)             (33.7715 0.000122663 5.1026e-43)             (0.00373776 -0.0935572 3.46231e-29)             (-0.0123008 0.0856301 -5.7902e-27)
         19.3             (33.7789 0.000133366 0)             (33.8349 4.79811e-05 0)             (33.8012 0.000101884 5.19706e-43)             (0.00310799 -0.09173 8.78462e-29)             (-0.0118998 0.0830815 -7.59751e-27)
        19.35             (33.8003 0.000133367 0)             (33.8565 5.16673e-05 0)             (33.8226 8.01385e-05 5.28818e-43)             (0.00295966 -0.0912395 2.80702e-28)             (-0.0139849 0.0759458 -7.84011e-27)
         19.4             (33.8132 0.000133368 0)             (33.8695 5.29112e-05 0)             (33.8356 6.2118e-05 5.35699e-43)             (0.00318575 -0.0902984 -2.2215e-28)             (-0.0125508 0.0717918 -7.07345e-27)
        19.45             (33.8174 0.00013337 0)             (33.8738 5.28698e-05 0)             (33.8398 4.6686e-05 5.40136e-43)             (0.00323298 -0.0891478 -3.79063e-29)             (-0.0127612 0.0748301 -6.67058e-27)
         19.5             (33.8129 0.000133372 0)             (33.8693 5.28586e-05 0)             (33.8353 3.33911e-05 5.43014e-43)             (0.00372424 -0.0877412 5.80193e-28)             (-0.0149167 0.0824199 -5.71087e-27)
        19.55             (33.7997 0.000133375 0)             (33.8562 5.2857e-05 0)             (33.8221 2.24402e-05 5.44154e-43)             (0.00338007 -0.0855646 2.68141e-28)             (-0.0141825 0.08805 -5.95769e-27)
         19.6             (33.7779 0.000133378 0)             (33.8345 5.29426e-05 0)             (33.8004 1.25958e-05 5.44851e-43)             (0.00239672 -0.0845552 6.43856e-28)             (-0.0121751 0.0846503 -7.69365e-27)
        19.65             (33.748 0.000133382 0)             (33.8046 5.3255e-05 0)             (33.7704 4.45913e-06 5.44577e-43)             (0.00202045 -0.0843744 4.50196e-28)             (-0.011655 0.0764529 -7.80386e-27)
         19.7             (33.7102 0.000133386 0)             (33.7668 5.35997e-05 0)             (33.7326 4.288e-07 5.40786e-43)             (0.00186643 -0.0844802 1.02719e-28)             (-0.010574 0.0708566 -6.53651e-27)
        19.75             (33.665 0.00013339 0)             (33.7217 5.39742e-05 0)             (33.6875 3.65545e-07 5.33686e-43)             (0.00216129 -0.0846011 1.66286e-28)             (-0.00907339 0.0705427 -4.37859e-27)
         19.8             (33.6132 0.000133395 0)             (33.6697 5.4365e-05 0)             (33.6357 4.59114e-06 5.23934e-43)             (0.00249634 -0.083878 2.45286e-29)             (-0.00864381 0.0745562 -2.30499e-27)
        19.85             (33.5553 0.0001334 0)             (33.6117 5.47751e-05 0)             (33.5777 1.15495e-05 5.12058e-43)             (0.00244396 -0.0828386 1.8163e-28)             (-0.0089273 0.0768914 -1.8515e-27)
         19.9             (33.492 0.000133405 0)             (33.5484 5.51673e-05 0)             (33.5145 2.01813e-05 4.99276e-43)             (0.00216004 -0.0820299 3.53958e-28)             (-0.0126317 0.0733303 -3.8352e-27)
        19.95             (33.4243 0.000133411 0)             (33.4806 5.55692e-05 0)             (33.4468 3.19438e-05 4.84974e-43)             (0.00179168 -0.0817049 2.53426e-28)             (-0.0173164 0.0661006 -4.61479e-27)
           20             (33.3531 0.000133416 0)             (33.4092 5.59981e-05 0)             (33.3755 4.81244e-05 4.67716e-43)             (0.00173827 -0.0819159 2.40839e-28)             (-0.0194616 0.0592057 -4.73873e-27)
